0.001 -32552676.894274987 7338994154767.387 14677955756857.879 
0.0010722672220103231 -32548625.57690027 7826446332593.305 15652860116561.033 
0.0011497569953977356 -32543966.72024883 8343784992732.18 16687537441497.639 
0.0012328467394420659 -32538609.08231912 8892393001125.299 17784753463641.516 
0.0013219411484660286 -32532447.676766276 9473629722945.234 18947226913442.793 
0.0014174741629268048 -32525361.690251067 10088809619604.482 20177586713847.273 
0.0015199110829529332 -32517212.08057575 10739176505961.559 21478320494711.035 
0.0016297508346206436 -32507838.80590966 11425872923739.072 22851713339639.34 
0.001747528400007683 -32497057.627421565 12149904097259.277 24299775697460.926 
0.001873817422860383 -32484656.41816555 12912095982334.707 25824159480012.996 
0.002009233002565048 -32470390.90061424 13713047011482.209 27426061552573.516 
0.0021544346900318843 -32453979.72281125 14553073293721.46 29106114133463.2 
0.0023101297000831605 -32435098.768744294 15432147261895.096 30864262088691.42 
0.0024770763559917113 -32413374.582383435 16349830091931.977 32699627770489.37 
0.0026560877829466868 -32388376.766321905 17305198662346.652 34610364936316.54 
0.002848035868435802 -32359609.19497292 18296768389190.777 36593504418772.36 
0.0030538555088334154 -32326499.859337285 19322413963048.934 38644795599598.01 
0.0032745491628777285 -32288389.135049824 20379290816860.367 40758549345331.6 
0.003511191734215131 -32244516.238639332 21463761031442.043 42927489818367.84 
0.0037649358067924675 -32194003.609376203 22571328276988.65 45142624359973.69 
0.004037017258596553 -32135838.927163575 23696587198952.395 47393142262065.86 
0.004328761281083057 -32068854.452724427 24833193258515.82 49666354448177.19 
0.004641588833612782 -31991703.357793286 25973859278293.59 51947686564883.82 
0.004977023564332114 -31902832.70414944 27110384659621.98 54220737416411.26 
0.005336699231206312 -31800452.736372195 28233722281642.242 56467412762831.75 
0.00572236765935022 -31682502.18074526 29334086369220.453 58668141055938.73 
0.006135907273413176 -31546609.299770318 30401102123844.53 60802172701079.766 
0.006579332246575682 -31390048.54750027 31423994774142.09 62847958158235.63 
0.007054802310718645 -31209692.81559009 32391812192124.32 64783593174555.83 
0.007564633275546291 -31001961.464281354 33293671744404.32 66587312486847.18 
0.008111308307896872 -30762764.606767714 34119019098316.133 68238007433867.66 
0.008697490026177835 -30487444.468828987 34857884778797.887 69715739070151.305 
0.0093260334688322 -30170715.084849965 35501123771446.086 71002217372177.1 
0.01 -29806602.119843792 36040624590839.29 72081219375076.45 
0.010722672220103232 -29388385.223532744 36469476919777.63 72938924451170.05 
0.011497569953977356 -28908546.02013865 36782090843893.01 73564152779240.0 
0.012328467394420659 -28358725.60300444 36974265313298.89 73948502267872.17 
0.013219411484660293 -27729696.215630807 37043208107612.54 74086388485528.86 
0.014174741629268055 -27011352.630139366 36987513632166.91 73975000252981.19 
0.01519911082952934 -26192729.538959455 36807107835395.8 73614189478062.06 
0.016297508346206444 -25262051.99887723 36503171121775.59 73006316981499.19 
0.01747528400007684 -24206826.531623244 36078050280561.5 72156076354296.47 
0.01873817422860384 -23013980.789392974 35535169296496.46 71070315579012.12 
0.02009233002565047 -21670059.60368234 34878946733767.51 69757871797475.42 
0.021544346900318846 -20161484.58453331 34114724540560.715 68229428919636.84 
0.023101297000831605 -18474883.026538596 33248709975235.023 66497401475587.02 
0.024770763559917114 -16597489.489816682 32287929249584.19 64575841901678.89 
0.026560877829466867 -14517619.844969256 31240188722006.97 62480362926394.09 
0.02848035868435802 -12225212.631404504 30114037311057.285 60228062396901.94 
0.030538555088334154 -9712426.211516203 28918722450799.84 57837435189173.47 
0.03274549162877728 -6974272.520326397 27664131536996.17 55328256099719.82 
0.03511191734215131 -4009259.588822344 26360711514703.996 52721419020148.41 
0.037649358067924674 -820006.1923128385 25019361037915.055 50038721255823.914 
0.04037017258596556 2586215.8979499512 23651292372670.117 47302587331556.13 
0.04328761281083059 6197061.891911661 22267863657451.117 44535733511964.125 
0.046415888336127795 9994866.773209454 20880385883010.832 41760781760888.44 
0.049770235643321115 13956615.523692874 19499912515654.02 38999838987923.56 
0.0533669923120631 18054160.772896245 18137022547346.94 36274063148854.66 
0.05722367659350217 22254693.586505402 16801609468228.67 33603241191150.926 
0.06135907273413173 26521440.097183 15502688941437.807 31005404404315.71 
0.06579332246575682 30814519.012299944 14248236763754.352 28496504342027.715 
0.07054802310718646 35091861.031567566 13045066207722.328 26090167507305.688 
0.07564633275546291 39310073.57932223 11898750452429.14 23797540214931.86 
0.08111308307896872 43425147.79529512 10813592028447.688 21627227482043.17 
0.08697490026177834 47392960.03760333 9792637547487.352 19585322487934.742 
0.093260334688322 51169613.43267472 8837732895739.26 17675516961091.953 
0.1 54711768.43672106 7949611830652.698 15899278373073.834 
0.10722672220103231 57977174.327321135 7128009651756.324 14256077280686.977 
0.11497569953977356 60925584.71536805 6371793278919.273 12743647483423.262 
0.12328467394420659 63520105.961591765 5679099513133.503 11358262546372.967 
0.13219411484660287 65728838.06700784 5047474259567.366 10095014247972.799 
0.14174741629268048 67526517.93750496 4474006830146.276 8948081186810.49 
0.1519911082952933 68895842.40078337 3955454905667.993 7910978707178.387 
0.16297508346206452 69828239.82480729 3488357162052.0513 6976784152343.928 
0.1747528400007685 70324013.86394109 3069131840170.0635 6138334004353.991 
0.1873817422860385 70391923.26012841 2694160601290.1934 5388391594503.646 
0.2009233002565048 70048341.89372915 2359857838204.8447 4719785724751.583 
0.21544346900318845 69316160.75592928 2062726212334.317 4125521740829.3896 
0.23101297000831603 68223570.81525467 1799399584410.1782 3598867392391.172 
0.24770763559917114 66802828.38140395 1566674734734.4272 3133416272297.236 
0.26560877829466867 65089069.156159066 1361533364896.3835 2723131818861.9233 
0.2848035868435802 63119210.35988613 1181155870674.7043 2362374860559.7686 
0.30538555088334157 60930962.47361079 1022928305743.1932 2045917542448.86 
0.32745491628777285 58561961.04609379 884443842434.7518 1768946246830.5498 
0.3511191734215131 56049022.21903168 763499898446.4745 1527055845915.168 
0.37649358067924676 53427521.27268822 658091951278.1039 1316237330077.4805 
0.40370172585965536 50730890.465423666 566404915464.1631 1132860561818.7915 
0.4328761281083057 47990230.15621429 486802817979.3798 973653626188.9159 
0.4641588833612782 45234025.41075403 417817378653.26276 835679991331.9363 
0.49770235643321137 42487958.91493965 358135987182.99896 716314462324.9128 
0.5336699231206312 39774810.03406778 306589467177.04266 613218709164.1194 
0.572236765935022 37114429.25351053 262139930461.2521 524316975351.75775 
0.6135907273413176 34523776.99905982 223868950907.94708 447772425592.89325 
0.6579332246575682 32017015.92989303 190966225230.39288 381964467476.71564 
0.7054802310718645 29605646.179047525 162718837270.53473 325467280187.24854 
0.7564633275546291 27298673.632476456 138501200990.50253 277029700654.6375 
0.8111308307896873 25102802.132392272 117765724375.67162 235556551553.47562 
0.8697490026177834 23022641.409078944 100034210557.878 200091443757.1651 
0.9326033468832199 21060923.5371704 84889992560.53789 169801046044.61295 
1.0 19218721.73306465 71970783154.72284 143960785031.17874 
